0,-2.3741
-1,-2.3741
-2,-2.3741
-3,-2.3741
-4,-2.3741
-5,-2.3741
-6,-2.3741
-7,-2.3741
-8,-2.3741
-9,-2.3741
-10,-2.3741
-11,-2.3741
-12,0.27853
-13,0.27853
-14,0.27853
-15,0.27853
-16,0.27853
-17,0.27853
-18,0.27853
-19,0.27853
-20,0.27853
-21,0.27853
-22,0.27853
-23,0.27853
-24,0.27853
-25,0.27853
-26,0.27853
-27,0.27853
-28,0.27853
-29,0.27853
-30,0.27853
-31,0.27853
-32,0.27853
-33,0.27853
-34,0.27853
-35,0.27853
-36,0.27853
-37,0.27853
-38,0.27853
-39,0.27853
-40,0.27853
-41,0.27853
-42,0.27853
-43,0.27853
-44,0.27853
-45,0.27853
-46,0.27853
-47,0.27853
-48,0.27853
-49,0.27853
-50,0.27853
-51,0.27853
-52,0.27853
-53,0.27853
-54,0.27853
-55,2.9312
-56,-2.3741
-57,-2.3741
-58,-2.3741
-59,0.27853
-60,0.27853
-61,0.27853
-62,0.27853
-63,0.27853
-64,0.27853
-65,0.27853
-66,0.27853
-67,0.27853
-68,0.27853
-69,0.27853
-70,0.27853
-71,0.27853
-72,0.27853
-73,0.27853
-74,0.27853
-75,0.27853
-76,0.27853
-77,0.27853
-78,0.27853
-79,0.27853
-80,0.27853
-81,0.27853
-82,0.27853
-83,0.27853
-84,0.27853
-85,0.27853
-86,0.27853
-87,0.27853
-88,0.27853
-89,0.27853
-90,0.27853
-91,0.27853
-92,0.27853
-93,0.27853
-94,0.27853
-95,0.27853
-96,0.27853
-97,0.27853
-98,0.27853
-99,0.27853
-100,0.27853
-101,0.27853
-102,0.27853
-103,0.27853
-104,0.27853
-105,0.27853
-106,0.27853
-107,0.27853
-108,0.27853
-109,0.27853
-110,0.27853
-111,0.27853
-112,0.27853
-113,0.27853
-114,0.27853
-115,0.27853
-116,0.27853
-117,0.27853
-118,0.27853
-119,0.27853
-120,0.27853
-121,0.27853
-122,0.27853
-123,0.27853
-124,0.27853
-125,0.27853
-126,0.27853
-127,0.27853
-128,0.27853
-129,0.27853
-130,0.27853
-131,0.27853
-132,0.27853
-133,0.27853
-134,0.27853
-135,0.27853
-136,0.27853
-137,0.27853
-138,0.27853
-139,0.27853
-140,0.27853
-141,0.27853
-142,0.27853
-143,0.27853
-144,0.27853
-145,0.27853
-146,0.27853
-147,0.27853
-148,0.27853
-149,0.27853
-150,0.27853
-151,0.27853
-152,0.27853
-153,0.27853
-154,0.27853
-155,0.27853
-156,0.27853
-157,0.27853
-158,0.27853
-159,0.27853
-160,0.27853
-161,0.27853
-162,0.27853
-163,0.27853
-164,0.27853
-165,0.27853
-166,0.27853
-167,0.27853
-168,0.27853
-169,0.27853
-170,0.27853
-171,0.27853
-172,0.27853
-173,0.27853
-174,0.27853
-175,0.27853
-176,0.27853
-177,0.27853
-178,0.27853
-179,0.27853
-180,0.27853
-181,0.27853
-182,0.27853
-183,0.27853
-184,0.27853
-185,0.27853
-186,0.27853
-187,0.27853
-188,0.27853
-189,0.27853
-190,0.27853
-191,0.27853
-192,0.27853
-193,0.27853
-194,0.27853
-195,0.27853
-196,0.27853
-197,0.27853
-198,0.27853
-199,0.27853
-200,0.27853
-201,0.27853
-202,0.27853
-203,0.27853
-204,0.27853
-205,0.27853
-206,0.27853
-207,0.27853
-208,0.27853
-209,0.27853
-210,0.27853
-211,0.27853
-212,0.27853
-213,0.27853
-214,0.27853
-215,0.27853
-216,0.27853
-217,0.27853
-218,0.27853
-219,0.27853
-220,0.27853
-221,0.27853
-222,0.27853
-223,0.27853
-224,0.27853
-225,0.27853
-226,0.27853
-227,0.27853
-228,0.27853
-229,0.27853
-230,0.27853
-231,0.27853
-232,0.27853
-233,0.27853
-234,0.27853
-235,0.27853
-236,0.27853
-237,0.27853
-238,0.27853
-239,0.27853
-240,0.27853
-241,0.27853
-242,0.27853
-243,0.27853
-244,0.27853
-245,0.27853
-246,0.27853
-247,0.27853
-248,0.27853
-249,0.27853
-250,0.27853
-251,0.27853
-252,0.27853
-253,0.27853
-254,0.27853
-255,0.27853
-256,0.27853
-257,0.27853
-258,0.27853
-259,0.27853
-260,0.27853
-261,0.27853
-262,0.27853
-263,0.27853
-264,0.27853
-265,0.27853
-266,0.27853
-267,0.27853
-268,0.27853
-269,0.27853
-270,0.27853
-271,0.27853
-272,0.27853
-273,0.27853
-274,0.27853
-275,0.27853
-276,0.27853
-277,0.27853
-278,0.27853
-279,0.27853
-280,0.27853
-281,0.27853
-282,0.27853
-283,0.27853
-284,0.27853
-285,0.27853
-286,0.27853
-287,0.27853
-288,0.27853
-289,0.27853
-290,0.27853
-291,0.27853
-292,0.27853
-293,0.27853
-294,0.27853
-295,0.27853
-296,0.27853
-297,0.27853
-298,0.27853
-299,0.27853
-300,0.27853
-301,0.27853
-302,0.27853
-303,0.27853
-304,0.27853
-305,0.27853
-306,0.27853
-307,0.27853
-308,0.27853
-309,0.27853
-310,0.27853
-311,0.27853
-312,0.27853
-313,0.27853
-314,0.27853
-315,0.27853
-316,0.27853
-317,0.27853
-318,0.27853
-319,0.27853
-320,0.27853
-321,0.27853
-322,0.27853
-323,0.27853
-324,0.27853
-325,0.27853
-326,0.27853
-327,0.27853
-328,0.27853
-329,0.27853
-330,0.27853
-331,0.27853
-332,0.27853
-333,0.27853
-334,0.27853
-335,0.27853
-336,0.27853
-337,0.27853
-338,0.27853
-339,0.27853
-340,0.27853
-341,0.27853
-342,0.27853
-343,0.27853
-344,0.27853
-345,0.27853
-346,0.27853
-347,0.27853
-348,0.27853
-349,0.27853
-350,0.27853
-351,0.27853
-352,0.27853
-353,0.27853
-354,0.27853
-355,0.27853
-356,0.27853
-357,0.27853
-358,0.27853
-359,0.27853
-360,0.27853
-361,0.27853
-362,0.27853
-363,0.27853
-364,0.27853
-365,0.27853
-366,0.27853
-367,0.27853
-368,0.27853
-369,0.27853
-370,0.27853
-371,0.27853
-372,0.27853
-373,0.27853
-374,0.27853
-375,0.27853
-376,0.27853
-377,0.27853
-378,0.27853
-379,0.27853
-380,0.27853
-381,2.9312
-382,-2.3741
-383,-2.3741
-384,-2.3741
-385,-2.3741
-386,-2.3741
-387,-2.3741
-388,-2.3741
-389,-2.3741
-390,-2.3741
-391,0.27853
-392,0.27853
-393,0.27853
-394,0.27853
-395,0.27853
-396,0.27853
-397,0.27853
-398,0.27853
-399,0.27853
-400,0.27853
-401,0.27853
-402,0.27853
-403,0.27853
-404,0.27853
-405,0.27853
-406,0.27853
-407,0.27853
-408,0.27853
-409,0.27853
-410,0.27853
-411,0.27853
-412,0.27853
-413,0.27853
-414,0.27853
-415,0.27853
-416,0.27853
-417,0.27853
-418,0.27853
-419,0.27853
-420,0.27853
-421,0.27853
-422,0.27853
-423,0.27853
-424,0.27853
-425,0.27853
-426,2.9312
-427,2.9312
-428,2.9312
-429,2.9312
-430,2.9312
-431,2.9312
-432,2.9312
-433,2.9312
-434,-2.3741
-435,-2.3741
-436,-2.3741
-437,-2.3741
-438,-2.3741
-439,-2.3741
-440,-2.3741
-441,-2.3741
-442,-2.3741
-443,-2.3741
-444,-2.3741
-445,-2.3741
-446,-2.3741
-447,-2.3741
-448,-2.3741
-449,-2.3741
-450,-2.3741
-451,-2.3741
-452,-2.3741
-453,-2.3741
-454,-2.3741
-455,-2.3741
-456,-2.3741
-457,-2.3741
-458,-2.3741
-459,-2.3741
-460,-2.3741
-461,-2.3741
-462,-2.3741
-463,-2.3741
-464,0.27853
-465,0.27853
-466,0.27853
-467,0.27853
-468,0.27853
-469,0.27853
-470,0.27853
-471,0.27853
-472,0.27853
-473,0.27853
-474,0.27853
-475,0.27853
-476,0.27853
-477,0.27853
-478,0.27853
-479,0.27853
-480,0.27853
-481,0.27853
-482,0.27853
-483,0.27853
-484,0.27853
-485,0.27853
-486,0.27853
-487,0.27853
-488,0.27853
-489,0.27853
-490,0.27853
-491,0.27853
-492,0.27853
-493,0.27853
-494,0.27853
-495,0.27853
-496,0.27853
-497,0.27853
-498,0.27853
-499,0.27853
-500,0.27853
-501,0.27853
-502,0.27853
-503,0.27853
-504,0.27853
-505,0.27853
-506,0.27853
-507,0.27853
-508,0.27853
-509,0.27853
-510,0.27853
-511,0.27853
-512,0.27853
-513,0.27853
-514,0.27853
-515,0.27853
-516,0.27853
-517,0.27853
-518,0.27853
-519,0.27853
-520,0.27853
-521,0.27853
-522,0.27853
-523,0.27853
-524,0.27853
-525,0.27853
-526,0.27853
-527,0.27853
-528,0.27853
-529,0.27853
-530,0.27853
-531,0.27853
-532,0.27853
-533,0.27853
-534,0.27853
-535,2.9312
-536,-2.3741
-537,-2.3741
-538,-2.3741
-539,-2.3741
-540,-2.3741
-541,-2.3741
-542,-2.3741
-543,-2.3741
-544,-2.3741
-545,-2.3741
-546,-2.3741
-547,-2.3741
-548,-2.3741
-549,-2.3741
-550,-2.3741
-551,-2.3741
-552,-2.3741
-553,-2.3741
-554,0.27853
-555,0.27853
-556,0.27853
-557,0.27853
-558,0.27853
-559,0.27853
-560,0.27853
-561,0.27853
-562,0.27853
-563,0.27853
-564,0.27853
-565,0.27853
-566,0.27853
-567,0.27853
-568,0.27853
-569,0.27853
-570,0.27853
-571,0.27853
-572,0.27853
-573,0.27853
-574,0.27853
-575,0.27853
-576,0.27853
-577,0.27853
-578,0.27853
-579,0.27853
-580,0.27853
-581,0.27853
-582,0.27853
-583,0.27853
-584,0.27853
-585,0.27853
-586,0.27853
-587,0.27853
-588,0.27853
-589,0.27853
-590,0.27853
-591,0.27853
-592,0.27853
-593,0.27853
-594,0.27853
-595,0.27853
-596,0.27853
-597,0.27853
-598,0.27853
-599,0.27853
-600,0.27853
-601,0.27853
-602,0.27853
-603,0.27853
-604,0.27853
-605,0.27853
-606,0.27853
-607,0.27853
-608,0.27853
-609,0.27853
-610,0.27853
-611,0.27853
-612,0.27853
-613,0.27853
-614,0.27853
-615,0.27853
-616,0.27853
-617,0.27853
-618,0.27853
-619,0.27853
-620,0.27853
-621,0.27853
-622,0.27853
-623,0.27853
-624,0.27853
-625,0.27853
-626,0.27853
-627,0.27853
-628,0.27853
-629,0.27853
-630,0.27853
-631,0.27853
-632,0.27853
-633,0.27853
-634,0.27853
-635,0.27853
-636,0.27853
-637,0.27853
-638,0.27853
-639,0.27853
-640,0.27853
-641,0.27853
-642,0.27853
-643,0.27853
-644,0.27853
-645,0.27853
-646,0.27853
-647,0.27853
-648,0.27853
-649,0.27853
-650,2.9312
-651,2.9312
-652,2.9312
-653,2.9312
-654,2.9312
-655,-2.3741
-656,-2.3741
-657,-2.3741
-658,-2.3741
-659,-2.3741
-660,-2.3741
-661,-2.3741
-662,-2.3741
-663,-2.3741
-664,-2.3741
-665,-2.3741
-666,-2.3741
-667,-2.3741
-668,-2.3741
-669,-2.3741
-670,0.27853
-671,0.27853
-672,0.27853
-673,0.27853
-674,0.27853
-675,0.27853
-676,0.27853
-677,0.27853
-678,0.27853
-679,0.27853
-680,0.27853
-681,0.27853
-682,0.27853
-683,0.27853
-684,0.27853
-685,0.27853
-686,0.27853
-687,0.27853
-688,0.27853
-689,0.27853
-690,0.27853
-691,0.27853
-692,0.27853
-693,0.27853
-694,0.27853
-695,0.27853
-696,0.27853
-697,0.27853
-698,0.27853
-699,0.27853
-700,0.27853
-701,0.27853
-702,0.27853
-703,0.27853
-704,0.27853
-705,0.27853
-706,0.27853
-707,0.27853
-708,0.27853
-709,0.27853
-710,0.27853
-711,0.27853
-712,0.27853
-713,0.27853
-714,0.27853
-715,0.27853
-716,0.27853
-717,0.27853
-718,0.27853
-719,0.27853
-720,0.27853
-721,0.27853
-722,0.27853
-723,0.27853
-724,0.27853
-725,0.27853
-726,0.27853
-727,0.27853
-728,0.27853
-729,0.27853
-730,0.27853
-731,0.27853
-732,0.27853
-733,0.27853
-734,0.27853
-735,0.27853
-736,0.27853
-737,0.27853
-738,0.27853
-739,0.27853
-740,0.27853
-741,0.27853
-742,0.27853
-743,2.9312
-744,-2.3741
-745,-2.3741
-746,-2.3741
-747,-2.3741
-748,-2.3741
-749,-2.3741
-750,-2.3741
-751,-2.3741
-752,-2.3741
-753,-2.3741
-754,-2.3741
-755,-2.3741
-756,-2.3741
-757,-2.3741
-758,-2.3741
-759,-2.3741
-760,-2.3741
-761,-2.3741
-762,-2.3741
-763,-2.3741
-764,-2.3741
-765,-2.3741
-766,-2.3741
-767,-2.3741
-768,0.27853
-769,0.27853
-770,0.27853
-771,0.27853
-772,0.27853
-773,0.27853
-774,0.27853
-775,0.27853
-776,0.27853
-777,0.27853
-778,0.27853
-779,0.27853
-780,0.27853
-781,0.27853
-782,0.27853
-783,0.27853
-784,0.27853
-785,0.27853
-786,0.27853
-787,0.27853
-788,0.27853
-789,0.27853
-790,0.27853
-791,0.27853
-792,0.27853
-793,0.27853
-794,0.27853
-795,0.27853
-796,0.27853
-797,0.27853
-798,0.27853
-799,0.27853
-800,0.27853
-801,0.27853
-802,0.27853
-803,2.9312
-804,-2.3741
-805,-2.3741
-806,-2.3741
-807,-2.3741
-808,0.27853
-809,0.27853
-810,0.27853
-811,0.27853
-812,0.27853
-813,0.27853
-814,0.27853
-815,0.27853
-816,0.27853
-817,0.27853
-818,0.27853
-819,0.27853
-820,0.27853
-821,0.27853
-822,0.27853
-823,0.27853
-824,0.27853
-825,0.27853
-826,0.27853
-827,0.27853
-828,0.27853
-829,0.27853
-830,0.27853
-831,0.27853
-832,0.27853
-833,0.27853
-834,0.27853
-835,0.27853
-836,0.27853
-837,0.27853
-838,0.27853
-839,0.27853
-840,0.27853
-841,0.27853
-842,0.27853
-843,0.27853
-844,0.27853
-845,0.27853
-846,0.27853
-847,0.27853
-848,0.27853
-849,0.27853
-850,0.27853
-851,0.27853
-852,0.27853
-853,0.27853
-854,0.27853
-855,0.27853
-856,0.27853
-857,0.27853
-858,0.27853
-859,0.27853
-860,0.27853
-861,0.27853
-862,0.27853
-863,0.27853
-864,0.27853
-865,0.27853
-866,0.27853
-867,0.27853
-868,0.27853
-869,0.27853
-870,0.27853
-871,0.27853
-872,0.27853
-873,0.27853
-874,0.27853
-875,0.27853
-876,0.27853
-877,0.27853
-878,0.27853
-879,0.27853
-880,0.27853
-881,0.27853
-882,0.27853
-883,0.27853
-884,0.27853
-885,0.27853
-886,0.27853
-887,0.27853
-888,0.27853
-889,0.27853
-890,0.27853
-891,0.27853
-892,0.27853
-893,0.27853
-894,0.27853
-895,0.27853
-896,0.27853
-897,0.27853
-898,0.27853
-899,0.27853
-900,0.27853
-901,0.27853
-902,0.27853
-903,0.27853
-904,0.27853
-905,0.27853
-906,0.27853
-907,0.27853
-908,0.27853
-909,0.27853
-910,0.27853
-911,0.27853
-912,0.27853
-913,0.27853
-914,2.9312
-915,2.9312
-916,2.9312
-917,2.9312
-918,2.9312
-919,2.9312
-920,-2.3741
-921,-2.3741
-922,-2.3741
-923,-2.3741
-924,-2.3741
-925,-2.3741
-926,-2.3741
-927,-2.3741
-928,-2.3741
-929,-2.3741
-930,-2.3741
-931,-2.3741
-932,-2.3741
-933,-2.3741
-934,0.27853
-935,0.27853
-936,0.27853
-937,0.27853
-938,0.27853
-939,0.27853
-940,0.27853
-941,0.27853
-942,0.27853
-943,0.27853
-944,0.27853
-945,0.27853
-946,0.27853
-947,0.27853
-948,0.27853
-949,0.27853
-950,0.27853
-951,0.27853
-952,0.27853
-953,0.27853
-954,0.27853
-955,0.27853
-956,0.27853
-957,0.27853
-958,0.27853
-959,0.27853
-960,0.27853
-961,0.27853
-962,0.27853
-963,0.27853
-964,0.27853
-965,0.27853
-966,0.27853
-967,0.27853
-968,0.27853
-969,0.27853
-970,0.27853
-971,0.27853
-972,0.27853
-973,0.27853
-974,0.27853
-975,0.27853
-976,0.27853
-977,0.27853
-978,0.27853
-979,0.27853
-980,0.27853
-981,0.27853
-982,0.27853
-983,0.27853
-984,0.27853
-985,0.27853
-986,0.27853
-987,0.27853
-988,0.27853
-989,0.27853
-990,0.27853
-991,0.27853
-992,0.27853
-993,0.27853
-994,0.27853
-995,0.27853
-996,0.27853
-997,0.27853
-998,0.27853
-999,0.27853
